-9092.065210
 -7080.737325
 -5533.562029
 -4343.427186
 -3427.938845
 -2723.717044
 -2182.007967
 -1765.308676
 -1444.770761
 -1198.203133
 -1008.535727
 -862.637723
 -750.408489
 -664.078309
 -597.670478
 -531.262647
 -464.854816
 -398.446985
 -332.039154
 -265.631323
 -199.223493
 -132.815662
 -66.407831
   0.000000
  66.407831
 132.815662
 199.223493
 265.631323
 332.039154
 398.446985
 464.854816
 531.262647
 597.670478
 664.078309
 750.408489
 862.637723
 1008.535727
 1198.203133
 1444.770761
 1765.308676
 2182.007967
 2723.717044
 3427.938845
 4343.427186
 5533.562029
 7080.737325
 9092.065210
 