9105.620391
 7632.288880
 6404.512620
 5381.365738
 4528.743335
 3818.224667
 3226.125776
 2732.710034
 2321.530249
 1978.880428
 1693.338911
 1455.387646
 1257.094926
 1091.850992
 954.147714
 839.394982
 743.767706
 664.078309
 597.670478
 531.262647
 464.854816
 398.446985
 332.039154
 265.631323
 199.223493
 132.815662
  66.407831
  -0.000000
 -66.407831
 -132.815662
 -199.223493
 -265.631323
 -332.039154
 -398.446985
 -464.854816
 -531.262647
 -597.670478
 -664.078309
 -743.767706
 -839.394982
 -954.147714
 -1091.850992
 -1257.094926
 -1455.387646
 -1693.338911
 -1978.880428
 -2321.530249
 -2732.710034
 -3226.125776
 -3818.224667
 -4528.743335
 -5381.365738
 -6404.512620
 -7632.288880
 -9105.620391
 