28794.499945
 24135.416621
 20252.847184
 17017.372653
 14321.143878
 12074.286565
 10201.905471
 8641.587892
 7341.323244
 6257.769370
 5354.807808
 4602.339840
 3975.283200
 3452.736000
 3017.280000
 2654.400000
 2352.000000
 2100.000000
 1890.000000
 1680.000000
 1470.000000
 1260.000000
 1050.000000
 840.000000
 630.000000
 420.000000
 210.000000
  -0.000000
 -210.000000
 -420.000000
 -630.000000
 -840.000000
 -1050.000000
 -1260.000000
 -1470.000000
 -1680.000000
 -1890.000000
 -2100.000000
 -2352.000000
 -2654.400000
 -3017.280000
 -3452.736000
 -3975.283200
 -4602.339840
 -5354.807808
 -6257.769370
 -7341.323244
 -8641.587892
 -10201.905471
 -12074.286565
 -14321.143878
 -17017.372653
 -20252.847184
 -24135.416621
 -28794.499945
 