-28751.634700
 -22391.257461
 -17498.659586
 -13735.122758
 -10840.094429
 -8613.149561
 -6900.115047
 -5582.396190
 -4568.766300
 -3789.051000
 -3189.270000
 -2727.900000
 -2373.000000
 -2100.000000
 -1890.000000
 -1680.000000
 -1470.000000
 -1260.000000
 -1050.000000
 -840.000000
 -630.000000
 -420.000000
 -210.000000
   0.000000
 210.000000
 420.000000
 630.000000
 840.000000
 1050.000000
 1260.000000
 1470.000000
 1680.000000
 1890.000000
 2100.000000
 2373.000000
 2727.900000
 3189.270000
 3789.051000
 4568.766300
 5582.396190
 6900.115047
 8613.149561
 10840.094429
 13735.122758
 17498.659586
 22391.257461
 28751.634700
 