   0.0000000e+00   1.0000000e+00
   1.0000000e-06   0.0000000e+00
   5.1376923e-04   0.0000000e+00
   1.0265385e-03   0.0000000e+00
   1.5393077e-03   0.0000000e+00
   2.0520769e-03   0.0000000e+00
   2.5648462e-03   0.0000000e+00
   3.0776154e-03   0.0000000e+00
   3.5903846e-03   0.0000000e+00
   4.1031538e-03   0.0000000e+00
   4.6159231e-03   0.0000000e+00
   5.1286923e-03   0.0000000e+00
   5.6414615e-03   0.0000000e+00
   6.1542308e-03   0.0000000e+00
   6.6670000e-03   0.0000000e+00
   7.1797692e-03   0.0000000e+00
   7.6925385e-03   0.0000000e+00
   8.2053077e-03   0.0000000e+00
   8.7180769e-03   0.0000000e+00
   9.2308462e-03   0.0000000e+00
   9.7436154e-03   0.0000000e+00
   1.0256385e-02   0.0000000e+00
   1.0769154e-02   0.0000000e+00
   1.1281923e-02   0.0000000e+00
   1.1794692e-02   0.0000000e+00
   1.2307462e-02   0.0000000e+00
   1.2820231e-02   0.0000000e+00
   1.3333000e-02   0.0000000e+00
   1.3845769e-02   0.0000000e+00
   1.4358538e-02   0.0000000e+00
   1.4871308e-02   0.0000000e+00
   1.5384077e-02   0.0000000e+00
   1.5896846e-02   0.0000000e+00
   1.6409615e-02   0.0000000e+00
   1.6922385e-02   0.0000000e+00
   1.7435154e-02   0.0000000e+00
   1.7947923e-02   0.0000000e+00
   1.8460692e-02   0.0000000e+00
   1.8973462e-02   0.0000000e+00
   1.9486231e-02   0.0000000e+00
   1.9999000e-02   0.0000000e+00