   0.0000000e+00   1.0000000e+00
   1.0000000e-06   0.0000000e+00
   6.0769231e-06   0.0000000e+00
   1.1153846e-05   0.0000000e+00
   1.6230769e-05   0.0000000e+00
   2.1307692e-05   0.0000000e+00
   2.6384615e-05   0.0000000e+00
   3.1461538e-05   0.0000000e+00
   3.6538462e-05   0.0000000e+00
   4.1615385e-05   0.0000000e+00
   4.6692308e-05   0.0000000e+00
   5.1769231e-05   0.0000000e+00
   5.6846154e-05   0.0000000e+00
   6.1923077e-05   0.0000000e+00
   6.7000000e-05   0.0000000e+00
   7.2076923e-05   0.0000000e+00
   7.7153846e-05   0.0000000e+00
   8.2230769e-05   0.0000000e+00
   8.7307692e-05   0.0000000e+00
   9.2384615e-05   0.0000000e+00
   9.7461538e-05   0.0000000e+00
   1.0253846e-04   0.0000000e+00
   1.0761538e-04   0.0000000e+00
   1.1269231e-04   0.0000000e+00
   1.1776923e-04   0.0000000e+00
   1.2284615e-04   0.0000000e+00
   1.2792308e-04   0.0000000e+00
   1.3300000e-04   0.0000000e+00
   1.3807692e-04   0.0000000e+00
   1.4315385e-04   0.0000000e+00
   1.4823077e-04   0.0000000e+00
   1.5330769e-04   0.0000000e+00
   1.5838462e-04   0.0000000e+00
   1.6346154e-04   0.0000000e+00
   1.6853846e-04   0.0000000e+00
   1.7361538e-04   0.0000000e+00
   1.7869231e-04   0.0000000e+00
   1.8376923e-04   0.0000000e+00
   1.8884615e-04   0.0000000e+00
   1.9392308e-04   0.0000000e+00
   1.9900000e-04   0.0000000e+00