2879.449994
 2413.541662
 2025.284718
 1701.737265
 1432.114388
 1207.428656
 1020.190547
 864.158789
 734.132324
 625.776937
 535.480781
 460.233984
 397.528320
 345.273600
 301.728000
 265.440000
 235.200000
 210.000000
 189.000000
 168.000000
 147.000000
 126.000000
 105.000000
  84.000000
  63.000000
  42.000000
  21.000000
   0.000000
 -21.000000
 -42.000000
 -63.000000
 -84.000000
 -105.000000
 -126.000000
 -147.000000
 -168.000000
 -189.000000
 -210.000000
 -235.200000
 -265.440000
 -301.728000
 -345.273600
 -397.528320
 -460.233984
 -535.480781
 -625.776937
 -734.132324
 -864.158789
 -1020.190547
 -1207.428656
 -1432.114388
 -1701.737265
 -2025.284718
 -2413.541662
 -2879.449994
 