   0.0000000e+00   1.0000000e+00
   1.0000000e-06   0.0000000e+00
   5.2230769e-05   0.0000000e+00
   1.0346154e-04   0.0000000e+00
   1.5469231e-04   0.0000000e+00
   2.0592308e-04   0.0000000e+00
   2.5715385e-04   0.0000000e+00
   3.0838462e-04   0.0000000e+00
   3.5961538e-04   0.0000000e+00
   4.1084615e-04   0.0000000e+00
   4.6207692e-04   0.0000000e+00
   5.1330769e-04   0.0000000e+00
   5.6453846e-04   0.0000000e+00
   6.1576923e-04   0.0000000e+00
   6.6700000e-04   0.0000000e+00
   7.1823077e-04   0.0000000e+00
   7.6946154e-04   0.0000000e+00
   8.2069231e-04   0.0000000e+00
   8.7192308e-04   0.0000000e+00
   9.2315385e-04   0.0000000e+00
   9.7438462e-04   0.0000000e+00
   1.0256154e-03   0.0000000e+00
   1.0768462e-03   0.0000000e+00
   1.1280769e-03   0.0000000e+00
   1.1793077e-03   0.0000000e+00
   1.2305385e-03   0.0000000e+00
   1.2817692e-03   0.0000000e+00
   1.3330000e-03   0.0000000e+00
   1.3842308e-03   0.0000000e+00
   1.4354615e-03   0.0000000e+00
   1.4866923e-03   0.0000000e+00
   1.5379231e-03   0.0000000e+00
   1.5891538e-03   0.0000000e+00
   1.6403846e-03   0.0000000e+00
   1.6916154e-03   0.0000000e+00
   1.7428462e-03   0.0000000e+00
   1.7940769e-03   0.0000000e+00
   1.8453077e-03   0.0000000e+00
   1.8965385e-03   0.0000000e+00
   1.9477692e-03   0.0000000e+00
   1.9990000e-03   0.0000000e+00