-90920.652105
 -70807.373253
 -55335.620291
 -43434.271858
 -34279.388448
 -27237.170441
 -21820.079666
 -17653.086762
 -14447.707605
 -11982.031331
 -10085.357273
 -8626.377229
 -7504.084888
 -6640.783086
 -5976.704778
 -5312.626469
 -4648.548160
 -3984.469852
 -3320.391543
 -2656.313235
 -1992.234926
 -1328.156617
 -664.078309
   0.000000
 664.078309
 1328.156617
 1992.234926
 2656.313235
 3320.391543
 3984.469852
 4648.548160
 5312.626469
 5976.704778
 6640.783086
 7504.084888
 8626.377229
 10085.357273
 11982.031331
 14447.707605
 17653.086762
 21820.079666
 27237.170441
 34279.388448
 43434.271858
 55335.620291
 70807.373253
 90920.652105
 