91056.203912
 76322.888799
 64045.126205
 53813.657376
 45287.433353
 38182.246666
 32261.257761
 27327.100340
 23215.302489
 19788.804280
 16933.389106
 14553.876461
 12570.949256
 10918.509919
 9541.477138
 8393.949821
 7437.677057
 6640.783086
 5976.704778
 5312.626469
 4648.548160
 3984.469852
 3320.391543
 2656.313235
 1992.234926
 1328.156617
 664.078309
  -0.000000
 -664.078309
 -1328.156617
 -1992.234926
 -2656.313235
 -3320.391543
 -3984.469852
 -4648.548160
 -5312.626469
 -5976.704778
 -6640.783086
 -7437.677057
 -8393.949821
 -9541.477138
 -10918.509919
 -12570.949256
 -14553.876461
 -16933.389106
 -19788.804280
 -23215.302489
 -27327.100340
 -32261.257761
 -38182.246666
 -45287.433353
 -53813.657376
 -64045.126205
 -76322.888799
 -91056.203912
 