   0.0000000e+00   1.0000000e+00
   1.0000000e-06   0.0000000e+00
   5.1291538e-03   0.0000000e+00
   1.0257308e-02   0.0000000e+00
   1.5385462e-02   0.0000000e+00
   2.0513615e-02   0.0000000e+00
   2.5641769e-02   0.0000000e+00
   3.0769923e-02   0.0000000e+00
   3.5898077e-02   0.0000000e+00
   4.1026231e-02   0.0000000e+00
   4.6154385e-02   0.0000000e+00
   5.1282538e-02   0.0000000e+00
   5.6410692e-02   0.0000000e+00
   6.1538846e-02   0.0000000e+00
   6.6667000e-02   0.0000000e+00
   7.1795154e-02   0.0000000e+00
   7.6923308e-02   0.0000000e+00
   8.2051462e-02   0.0000000e+00
   8.7179615e-02   0.0000000e+00
   9.2307769e-02   0.0000000e+00
   9.7435923e-02   0.0000000e+00
   1.0256408e-01   0.0000000e+00
   1.0769223e-01   0.0000000e+00
   1.1282038e-01   0.0000000e+00
   1.1794854e-01   0.0000000e+00
   1.2307669e-01   0.0000000e+00
   1.2820485e-01   0.0000000e+00
   1.3333300e-01   0.0000000e+00
   1.3846115e-01   0.0000000e+00
   1.4358931e-01   0.0000000e+00
   1.4871746e-01   0.0000000e+00
   1.5384562e-01   0.0000000e+00
   1.5897377e-01   0.0000000e+00
   1.6410192e-01   0.0000000e+00
   1.6923008e-01   0.0000000e+00
   1.7435823e-01   0.0000000e+00
   1.7948638e-01   0.0000000e+00
   1.8461454e-01   0.0000000e+00
   1.8974269e-01   0.0000000e+00
   1.9487085e-01   0.0000000e+00
   1.9999900e-01   0.0000000e+00