-2875.163470
 -2239.125746
 -1749.865959
 -1373.512276
 -1084.009443
 -861.314956
 -690.011505
 -558.239619
 -456.876630
 -378.905100
 -318.927000
 -272.790000
 -237.300000
 -210.000000
 -189.000000
 -168.000000
 -147.000000
 -126.000000
 -105.000000
 -84.000000
 -63.000000
 -42.000000
 -21.000000
   0.000000
  21.000000
  42.000000
  63.000000
  84.000000
 105.000000
 126.000000
 147.000000
 168.000000
 189.000000
 210.000000
 237.300000
 272.790000
 318.927000
 378.905100
 456.876630
 558.239619
 690.011505
 861.314956
 1084.009443
 1373.512276
 1749.865959
 2239.125746
 2875.163470
 